dim  50  50  50
 
 putBox 7  22  5  11  1  6 0  0  0  1.0
 cutBox 6  7  5  6  1  6 0  0  0  1.0
 putBox 2  7  8  12  1  6 0 0 0 1.0
 putBox 4  6  12  13  2  3 255 255 255 1.0
 putBox 4  6  12  13  4  5 255 255 255 1.0
 putBox 2  3  10  11  1  2 255 255 255 1.0
 putBox 2  3  10  11  5  6 255 255 255 1.0
 putBox 2  3  10  11  2  3  0 255 0 1.0
 putBox 2  3  10  11  4  5  0 255 0 1.0
 putBox 1  2  8  10  2  5 255 255 255 1.0
 putBox 1  2  9  10  3  4 255 105 180 1.0
 putBox 7  8  7  11  1  6 255 182 193 1.0
 putBox 7 8  6  7  3  4 255 215 0 1.0
 putBox 8  10  1  5  1  3 0  0  0  1.0
 putBox 8  10  1  5  4  6 0  0  0  1.0
 putBox 19  21  1  5  1  3 0  0  0  1.0
 putBox 19  21  1  5  4  6 0  0  0  1.0
 putBox 8  10  1  2  1  3 255  255  255  1.0
 putBox 8  10  1  2  4  6 255  255  255  1.0
 putBox 19  21  1  2  1  3 255  255  255  1.0
 putBox 19  21  1  2  4  6 255  255  255  1.0
 putBox 22  23  9  11  3  4 255  255  255  1.0
 putBox 23  24  8  10  3  4 255  255  255  1.0
 putBox 24  25  7  9  3  4 255  255  255  1.0
 putBox 25  26  6  8  3  4 255  255  255  1.0
 putBox 26  27  5  7  3  4 255  255  255  1.0
 putBox 26  29  5  6  3  4 255  255  255  1.0
